7 9 250 12 88
42 26 31 20 41 34 67 31 42
119 92 95 69 135 105 223 83 105
174 138 163 107 204 195 299 138 148
54 37 61 34 58 54 79 41 47
67 43 63 38 62 58 122 47 52
57 39 50 27 59 60 105 32 53
40 36 37 22 40 39 75 25 29
24 67 122 34 40 38 22
0 4 9 7 7 16 12
4 0 8 7 7 16 12
9 8 0 5 6 12 16
7 7 5 0 6 13 15
7 7 6 6 0 15 15
16 16 12 13 15 0 20
12 12 16 15 15 20 0
0 20 20 20 10 18 11 19 20
20 0 10 10 21 14 21 16 10
20 10 0 10 21 14 21 16 10
20 10 10 0 21 14 21 16 10
10 21 21 21 0 19 10 20 21
18 14 14 14 19 0 19 18 15
11 21 21 21 10 19 0 20 21
19 16 16 16 20 18 20 0 16
20 10 10 10 21 15 21 16 0
