8 8 250 21 79
24 24 6 23 37 19 11 22
13 19 8 15 19 12 5 9
33 35 16 28 51 29 14 36
11 11 9 10 17 12 12 10
33 42 13 28 50 30 24 26
19 32 11 24 32 24 20 24
10 17 10 10 15 16 10 20
30 37 19 25 35 23 14 27
45 23 62 24 64 50 29 55
0 10 10 8 9 7 8 7
10 0 12 8 12 7 12 7
10 12 0 8 5 10 7 9
8 8 8 0 8 7 8 6
9 12 5 8 0 10 7 10
7 7 10 7 10 0 10 5
8 12 7 8 7 10 0 10
7 7 9 6 10 5 10 0
0 9 17 20 19 19 21 21
9 0 21 16 19 19 24 16
17 21 0 26 21 19 28 28
20 16 26 0 18 19 33 10
19 19 21 18 0 8 24 23
19 19 19 19 8 0 26 24
21 24 28 33 24 26 0 35
21 16 28 10 23 24 35 0
