10 6 250 18 82
32 9 18 11 77 33
32 25 23 11 128 61
52 49 51 27 207 106
14 11 16 6 55 21
17 14 15 7 64 33
31 14 27 18 122 53
100 58 77 44 295 171
17 12 15 9 68 39
28 27 18 17 95 64
27 20 23 10 108 50
22 35 63 15 17 32 83 19 30 28
0 4 5 10 10 11 4 5 5 10
4 0 4 11 11 11 4 5 5 10
5 4 0 11 11 12 5 4 4 11
10 11 11 0 4 5 11 12 11 4
10 11 11 4 0 5 11 12 11 4
11 11 12 5 5 0 11 12 12 5
4 4 5 11 11 11 0 5 5 10
5 5 4 12 12 12 5 0 4 11
5 5 4 11 11 12 5 4 0 11
10 10 11 4 4 5 10 11 11 0
0 17 13 19 19 6
17 0 11 12 12 16
13 11 0 13 12 13
19 12 13 0 6 19
19 12 12 6 0 18
6 16 13 19 18 0
