10 6 250 28 72
29 12 19 42 3 27
73 37 56 92 21 71
49 39 28 70 16 71
45 18 27 73 8 36
24 19 12 35 5 35
23 19 20 41 3 29
41 38 32 72 9 46
46 22 41 68 6 38
62 31 41 90 24 75
45 26 24 52 10 42
20 49 45 30 20 23 35 33 49 33
0 2 3 9 11 2 2 10 3 10
2 0 3 10 10 2 3 9 2 10
3 3 0 9 10 3 3 9 2 10
9 10 9 0 16 9 8 15 10 16
11 10 10 16 0 10 11 3 9 2
2 2 3 9 10 0 2 10 3 10
2 3 3 8 11 2 0 10 3 11
10 9 9 15 3 10 10 0 9 2
3 2 2 10 9 3 3 9 0 9
10 10 10 16 2 10 11 2 9 0
0 7 7 7 35 33
7 0 8 7 36 34
7 8 0 9 34 33
7 7 9 0 36 35
35 36 34 36 0 7
33 34 33 35 7 0
