10 6 250 11 89
24 68 41 69 21 34
22 90 50 68 27 31
43 121 50 122 23 61
22 88 38 85 23 35
42 120 62 129 31 64
26 47 35 61 13 25
24 41 23 50 13 20
35 116 77 126 32 62
18 38 18 40 11 16
23 70 23 54 17 23
30 33 50 33 49 23 20 49 17 24
0 8 7 7 3 6 6 6 3 6
8 0 11 4 8 11 7 11 8 7
7 11 0 11 7 4 8 4 7 8
7 4 11 0 7 11 8 10 8 7
3 8 7 7 0 7 7 6 3 7
6 11 4 11 7 0 9 3 6 8
6 7 8 8 7 9 0 8 7 4
6 11 4 10 6 3 8 0 6 8
3 8 7 8 3 6 7 6 0 7
6 7 8 7 7 8 4 8 7 0
0 9 13 11 20 23
9 0 15 7 24 29
13 15 0 13 15 30
11 7 13 0 19 33
20 24 15 19 0 37
23 29 30 33 37 0
